[gd_scene load_steps=11 format=3 uid="uid://28i13w5v5bi0"]

[ext_resource type="Script" uid="uid://du4h6f1a3wfq" path="res://Script/level_block.gd" id="1_gxf4x"]
[ext_resource type="PackedScene" uid="uid://fwr0466n1y1m" path="res://Scene/rod.tscn" id="1_lofsg"]
[ext_resource type="PackedScene" uid="uid://dwmkh7huncshm" path="res://Scene/Blocks/BasicTwoSpace/rotating_basic_two_ring.tscn" id="2_wb026"]
[ext_resource type="PackedScene" uid="uid://bj8ef00542xxk" path="res://Scene/Blocks/BasicOneSpace/special_luncher_big_ring.tscn" id="3_irkfl"]
[ext_resource type="PackedScene" uid="uid://got30srx8aee" path="res://Scene/Blocks/BasicTwoSpace/rotating_luncher_basic_two_ring.tscn" id="4_o2upo"]
[ext_resource type="PackedScene" uid="uid://d3df3q5t0h8t7" path="res://Scene/Blocks/BasicFourSpace/spike _luncher_four_ring.tscn" id="5_gxf4x"]
[ext_resource type="PackedScene" uid="uid://d2i5om2rgqt0d" path="res://Scene/Blocks/BasicOneSpace/luncher_side_big_ring.tscn" id="6_p52fd"]
[ext_resource type="PackedScene" uid="uid://o0sbv3fe1fs5" path="res://Scene/Blocks/BasicOneSpace/luncher_side_right_big_ring.tscn" id="7_wb026"]
[ext_resource type="PackedScene" uid="uid://btqywn11ker2i" path="res://Scene/coin.tscn" id="8_irkfl"]
[ext_resource type="PackedScene" uid="uid://d4bjdxskuibcm" path="res://Scene/jetpack_pick.tscn" id="9_o2upo"]

[node name="LevelBlock1" type="Node3D"]
script = ExtResource("1_gxf4x")

[node name="Rod" parent="." instance=ExtResource("1_lofsg")]
transform = Transform3D(-1, 0, 1.509958e-07, 0, 8.526904, 0, -1.509958e-07, 0, -1, 0, 7.8620214, 0)
target = NodePath("../Node3D")

[node name="Node3D" type="Node3D" parent="."]

[node name="Rings" type="Node3D" parent="Node3D"]

[node name="RotatingTwoRing" parent="Node3D/Rings" instance=ExtResource("2_wb026")]
transform = Transform3D(1, 0, 0, 0, 1, 0, 0, 0, 1, 0, 0.9915861, 0)

[node name="SpecialLuncherBigRing" parent="Node3D/Rings" instance=ExtResource("3_irkfl")]

[node name="RotatingLuncherTwoRing2" parent="Node3D/Rings" instance=ExtResource("4_o2upo")]
transform = Transform3D(0.97814757, 0, -0.20791169, 0, 1, 0, 0.20791169, 0, 0.97814757, 0, 4.989809, 0)

[node name="SpikeLuncherFourRing" parent="Node3D/Rings" instance=ExtResource("5_gxf4x")]
transform = Transform3D(-0.6360783, 0, -0.77162457, 0, 1, 0, 0.77162457, 0, -0.6360783, 0, 3.9873657, 0)

[node name="LuncherSideBigRing" parent="Node3D/Rings" instance=ExtResource("6_p52fd")]
transform = Transform3D(-0.46947154, 0, 0.8829475, 0, 1, 0, -0.8829475, 0, -0.46947154, 0, 2.9874103, 0)

[node name="LuncherSideBigRing2" parent="Node3D/Rings" instance=ExtResource("6_p52fd")]
transform = Transform3D(-1, 0, -8.742278e-08, 0, 1, 0, 8.742278e-08, 0, -1, 0, 1.9749706, 0)

[node name="LuncherRightSideBigRing" parent="Node3D/Rings" instance=ExtResource("7_wb026")]
transform = Transform3D(0.5224985, 0, 0.8526402, 0, 1, 0, -0.8526402, 0, 0.5224985, 0, 5.996328, 0)

[node name="LuncherRightSideBigRing2" parent="Node3D/Rings" instance=ExtResource("7_wb026")]
transform = Transform3D(-0.2840153, 0, 0.95881975, 0, 1, 0, -0.95881975, 0, -0.2840153, 0, 6.9833293, 0)

[node name="LuncherRightSideBigRing3" parent="Node3D/Rings" instance=ExtResource("7_wb026")]
transform = Transform3D(-0.97437006, 0, 0.22495112, 0, 1, 0, -0.22495112, 0, -0.97437006, 0, 7.9889708, 0)

[node name="LuncherRightSideBigRing4" parent="Node3D/Rings" instance=ExtResource("7_wb026")]
transform = Transform3D(-0.7372774, 0, -0.67559016, 0, 1, 0, 0.67559016, 0, -0.7372774, 0, 8.98619, 0)

[node name="Coins" type="Node3D" parent="Node3D"]

[node name="Coin" parent="Node3D/Coins" instance=ExtResource("8_irkfl")]
transform = Transform3D(0.17085859, 0.0071797483, 0.056176413, 0.016570907, 0.16439559, -0.07141077, -0.05415481, 0.072955765, 0.1553857, 0, 1.0297241, 0.77185875)

[node name="Coin2" parent="Node3D/Coins" instance=ExtResource("8_irkfl")]
transform = Transform3D(0.17085859, 0.0071797483, 0.056176413, 0.016570907, 0.16439559, -0.07141077, -0.05415481, 0.072955765, 0.1553857, 0, 2.0727234, 0.77185875)

[node name="Coin3" parent="Node3D/Coins" instance=ExtResource("8_irkfl")]
transform = Transform3D(0.17085859, 0.0071797483, 0.056176413, 0.016570907, 0.16439559, -0.07141077, -0.05415481, 0.072955765, 0.1553857, -0.7525635, 3.0183716, 0.22821862)

[node name="Coin4" parent="Node3D/Coins" instance=ExtResource("8_irkfl")]
transform = Transform3D(0.17085859, 0.0071797483, 0.056176413, 0.016570907, 0.16439559, -0.07141077, -0.05415481, 0.072955765, 0.1553857, -0.6179199, 4.0040894, -0.57337326)

[node name="Coin5" parent="Node3D/Coins" instance=ExtResource("8_irkfl")]
transform = Transform3D(0.17085859, 0.0071797483, 0.056176413, 0.016570907, 0.16439559, -0.07141077, -0.05415481, 0.072955765, 0.1553857, -0.09387207, 4.9902954, -0.71936935)

[node name="Coin6" parent="Node3D/Coins" instance=ExtResource("8_irkfl")]
transform = Transform3D(0.17085859, 0.0071797483, 0.056176413, 0.016570907, 0.16439559, -0.07141077, -0.05415481, 0.072955765, 0.1553857, -0.81933594, 6.039673, -0.17017502)

[node name="Coin7" parent="Node3D/Coins" instance=ExtResource("8_irkfl")]
transform = Transform3D(0.17085859, 0.0071797483, 0.056176413, 0.016570907, 0.16439559, -0.07141077, -0.05415481, 0.072955765, 0.1553857, -0.67700195, 7.2090454, 0.43120438)

[node name="Coin8" parent="Node3D/Coins" instance=ExtResource("8_irkfl")]
transform = Transform3D(0.17085859, 0.0071797483, 0.056176413, 0.016570907, 0.16439559, -0.07141077, -0.05415481, 0.072955765, 0.1553857, -0.095947266, 8.067322, 0.7687288)

[node name="Coin9" parent="Node3D/Coins" instance=ExtResource("8_irkfl")]
transform = Transform3D(0.17085859, 0.0071797483, 0.056176413, 0.016570907, 0.16439559, -0.07141077, -0.05415481, 0.072955765, 0.1553857, 0.63204956, 9.116165, 0.44829422)

[node name="Key" type="Node3D" parent="Node3D"]

[node name="JetpackPick" parent="Node3D/Key" instance=ExtResource("9_o2upo")]
transform = Transform3D(1, 0, 0, 0, 1, 0, 0, 0, 1, -0.46746826, 4.4867706, 0.63378906)
