[gd_scene load_steps=4 format=3 uid="uid://dpt843tx1ajru"]

[ext_resource type="PackedScene" uid="uid://fwr0466n1y1m" path="res://Scene/rod.tscn" id="1_3viul"]
[ext_resource type="PackedScene" uid="uid://p8b4t3vvfa61" path="res://Scene/Blocks/BasicOneSpace/luncher_big_ring.tscn" id="2_4uicn"]
[ext_resource type="PackedScene" uid="uid://o0sbv3fe1fs5" path="res://Scene/Blocks/BasicOneSpace/luncher_side_right_big_ring.tscn" id="3_3viul"]

[node name="LevelBlock1" type="Node3D"]

[node name="Rod" parent="." instance=ExtResource("1_3viul")]
transform = Transform3D(-1, 0, 1.509958e-07, 0, 8.526904, 0, -1.509958e-07, 0, -1, 0, 7.8620214, 0)
target = NodePath("../Node3D")

[node name="Node3D" type="Node3D" parent="."]

[node name="Rings" type="Node3D" parent="Node3D"]

[node name="LuncherBigRing" parent="Node3D/Rings" instance=ExtResource("2_4uicn")]
transform = Transform3D(0.9737382, 0, 0.22767109, 0, 1, 0, -0.22767109, 0, 0.9737382, 0, 0, 0)

[node name="LuncherRightSideBigRing" parent="Node3D/Rings" instance=ExtResource("3_3viul")]
transform = Transform3D(-0.98162717, 0, 0.19080901, 0, 1, 0, -0.19080901, 0, -0.98162717, 0, 0.9855499, 0)

[node name="LuncherRightSideBigRing2" parent="Node3D/Rings" instance=ExtResource("3_3viul")]
transform = Transform3D(-0.8660253, 0, -0.49999994, 0, 1, 0, 0.49999994, 0, -0.8660253, 0, 1.9783487, 0)

[node name="LuncherRightSideBigRing3" parent="Node3D/Rings" instance=ExtResource("3_3viul")]
transform = Transform3D(-0.33380684, 0, -0.9426414, 0, 1, 0, 0.9426414, 0, -0.33380684, 0, 2.9922395, 0)

[node name="LuncherRightSideBigRing4" parent="Node3D/Rings" instance=ExtResource("3_3viul")]
transform = Transform3D(0.46947154, 0, -0.88294744, 0, 1, 0, 0.88294744, 0, 0.46947154, 0, 3.9845767, 0)

[node name="LuncherRightSideBigRing5" parent="Node3D/Rings" instance=ExtResource("3_3viul")]
transform = Transform3D(0.92718375, 0, -0.37460655, 0, 1, 0, 0.37460655, 0, 0.92718375, 0, 4.980542, 0)

[node name="LuncherRightSideBigRing6" parent="Node3D/Rings" instance=ExtResource("3_3viul")]
transform = Transform3D(0.92050475, 0, 0.39073107, 0, 1, 0, -0.39073107, 0, 0.92050475, 0, 5.9919157, 0)

[node name="LuncherRightSideBigRing7" parent="Node3D/Rings" instance=ExtResource("3_3viul")]
transform = Transform3D(0.30901694, 0, 0.9510564, 0, 1, 0, -0.9510564, 0, 0.30901694, 0, 6.991597, 0)

[node name="LuncherRightSideBigRing8" parent="Node3D/Rings" instance=ExtResource("3_3viul")]
transform = Transform3D(-0.40673664, 0, 0.9135453, 0, 1, 0, -0.9135453, 0, -0.40673664, 0, 7.9916754, 0)

[node name="LuncherRightSideBigRing9" parent="Node3D/Rings" instance=ExtResource("3_3viul")]
transform = Transform3D(-0.8949343, 0, 0.4461977, 0, 1, 0, -0.4461977, 0, -0.8949343, 0, 8.997457, 0)

[node name="Coins" type="Node3D" parent="Node3D"]

[node name="Key" type="Node3D" parent="Node3D"]
