[gd_scene load_steps=8 format=3 uid="uid://gim1g2a56r57"]

[ext_resource type="PackedScene" uid="uid://fwr0466n1y1m" path="res://Scene/rod.tscn" id="1_1icle"]
[ext_resource type="PackedScene" uid="uid://p8b4t3vvfa61" path="res://Scene/Blocks/BasicOneSpace/luncher_big_ring.tscn" id="2_uq387"]
[ext_resource type="PackedScene" uid="uid://bsfr0825hamv5" path="res://Scene/Blocks/BasicThreeSpace/luncher_three_ring.tscn" id="3_ubhsj"]
[ext_resource type="PackedScene" uid="uid://kavnvtdnmicy" path="res://Scene/Blocks/BasicFourSpace/luncher_four_ring.tscn" id="4_c7bum"]
[ext_resource type="PackedScene" uid="uid://bj8ef00542xxk" path="res://Scene/Blocks/BasicOneSpace/special_luncher_big_ring.tscn" id="5_2ksm8"]
[ext_resource type="PackedScene" uid="uid://bianiih52vxs2" path="res://Scene/Blocks/BasicOneSpace/spike _luncher_big_ring.tscn" id="6_ubhsj"]
[ext_resource type="PackedScene" uid="uid://c83msaluhy5af" path="res://Scene/Blocks/BasicOneSpaceSmall/spike _luncher_small_ring.tscn" id="7_c7bum"]

[node name="LevelBlock1" type="Node3D"]

[node name="Rod" parent="." instance=ExtResource("1_1icle")]
transform = Transform3D(-1, 0, 1.509958e-07, 0, 8.526904, 0, -1.509958e-07, 0, -1, 0, 7.8620214, 0)
visible = false
target = NodePath("../Node3D")

[node name="Node3D" type="Node3D" parent="."]

[node name="Rings" type="Node3D" parent="Node3D"]

[node name="LuncherBigRing7" parent="Node3D/Rings" instance=ExtResource("2_uq387")]
transform = Transform3D(-0.7466383, 0, 0.66523033, 0, 1, 0, -0.66523033, 0, -0.7466383, 0, 8.98731, 0)

[node name="LuncherBigRing2" parent="Node3D/Rings" instance=ExtResource("2_uq387")]
transform = Transform3D(-0.9999254, 0, -0.012217067, 0, 1, 0, 0.012217067, 0, -0.9999254, 0, 0.9901762, 0)

[node name="SpecialLuncherThreeRing2" parent="Node3D/Rings" instance=ExtResource("3_ubhsj")]
transform = Transform3D(1, 0, 0, 0, 1, 0, 0, 0, 1, 0, 6.993839, 0)

[node name="SpecialLuncherThreeRing3" parent="Node3D/Rings" instance=ExtResource("3_ubhsj")]
transform = Transform3D(0.06975651, 0, 0.9975641, 0, 1, 0, -0.9975641, 0, 0.06975651, 0, 5.9747186, 0)

[node name="SpecialLuncherThreeRing4" parent="Node3D/Rings" instance=ExtResource("3_ubhsj")]
transform = Transform3D(-0.99994516, 0, 0.010471781, 0, 1, 0, -0.010471781, 0, -0.99994516, 0, 4.9904156, 0)

[node name="SpecialLuncherThreeRing5" parent="Node3D/Rings" instance=ExtResource("3_ubhsj")]
transform = Transform3D(-0.034899462, 0, -0.99939084, 0, 1, 0, 0.99939084, 0, -0.034899462, 0, 3.9847145, 0)

[node name="LuncherFourRing" parent="Node3D/Rings" instance=ExtResource("4_c7bum")]
transform = Transform3D(1, 0, 0, 0, 1, 0, 0, 0, 1, 0, 7.9844837, 0)

[node name="SpecialLuncherBigRing" parent="Node3D/Rings" instance=ExtResource("5_2ksm8")]

[node name="SpikeLuncherOneBigRing" parent="Node3D/Rings" instance=ExtResource("6_ubhsj")]
transform = Transform3D(-0.8338858, 0, 0.5519371, 0, 1, 0, -0.5519371, 0, -0.8338858, 0, 1.9832029, 0)

[node name="SpikeLuncherSmallRing" parent="Node3D/Rings" instance=ExtResource("7_c7bum")]
transform = Transform3D(-0.3746066, 0, 0.92718387, 0, 1, 0, -0.92718387, 0, -0.3746066, 0, 2.9922342, 0)

[node name="Coins" type="Node3D" parent="Node3D"]

[node name="Key" type="Node3D" parent="Node3D"]
