[gd_scene load_steps=10 format=3 uid="uid://c4f0s3qvij25x"]

[ext_resource type="Script" uid="uid://du4h6f1a3wfq" path="res://Script/level_block.gd" id="1_ifb1r"]
[ext_resource type="PackedScene" uid="uid://fwr0466n1y1m" path="res://Scene/rod.tscn" id="1_s4i0r"]
[ext_resource type="PackedScene" uid="uid://dwmkh7huncshm" path="res://Scene/Blocks/BasicTwoSpace/rotating_basic_two_ring.tscn" id="2_8fpt3"]
[ext_resource type="PackedScene" uid="uid://bj8ef00542xxk" path="res://Scene/Blocks/BasicOneSpace/special_luncher_big_ring.tscn" id="3_4k6ge"]
[ext_resource type="PackedScene" uid="uid://got30srx8aee" path="res://Scene/Blocks/BasicTwoSpace/rotating_luncher_basic_two_ring.tscn" id="4_jgsny"]
[ext_resource type="PackedScene" uid="uid://d3df3q5t0h8t7" path="res://Scene/Blocks/BasicFourSpace/spike _luncher_four_ring.tscn" id="5_8p31p"]
[ext_resource type="PackedScene" uid="uid://d2i5om2rgqt0d" path="res://Scene/Blocks/BasicOneSpace/luncher_side_big_ring.tscn" id="6_4k6ge"]
[ext_resource type="PackedScene" uid="uid://btqywn11ker2i" path="res://Scene/coin.tscn" id="7_jgsny"]
[ext_resource type="PackedScene" uid="uid://bdalbkl2781jm" path="res://Scene/key.tscn" id="8_8p31p"]

[node name="LevelBlock1" type="Node3D"]
script = ExtResource("1_ifb1r")

[node name="Rod" parent="." instance=ExtResource("1_s4i0r")]
transform = Transform3D(-1, 0, 1.509958e-07, 0, 8.526904, 0, -1.509958e-07, 0, -1, 0, 7.8620214, 0)
target = NodePath("../Node3D")

[node name="Node3D" type="Node3D" parent="."]

[node name="Rings" type="Node3D" parent="Node3D"]

[node name="RotatingTwoRing" parent="Node3D/Rings" instance=ExtResource("2_8fpt3")]
transform = Transform3D(1, 0, 0, 0, 1, 0, 0, 0, 1, 0, 0.9915861, 0)

[node name="RotatingTwoRing2" parent="Node3D/Rings" instance=ExtResource("2_8fpt3")]
transform = Transform3D(0.92050487, 0, -0.39073113, 0, 1, 0, 0.39073113, 0, 0.92050487, 0, 2.0051603, 0)

[node name="SpecialLuncherBigRing" parent="Node3D/Rings" instance=ExtResource("3_4k6ge")]

[node name="RotatingLuncherTwoRing2" parent="Node3D/Rings" instance=ExtResource("4_jgsny")]
transform = Transform3D(0.76604444, 0, -0.6427876, 0, 1, 0, 0.6427876, 0, 0.76604444, 0, 4.989809, 0)

[node name="RotatingLuncherTwoRing3" parent="Node3D/Rings" instance=ExtResource("4_jgsny")]
transform = Transform3D(0.16504756, 0, -0.98628557, 0, 1, 0, 0.98628557, 0, 0.16504756, 0, 5.9928193, 0)

[node name="RotatingLuncherTwoRing4" parent="Node3D/Rings" instance=ExtResource("4_jgsny")]
transform = Transform3D(0.97236985, 0, 0.23344536, 0, 1, 0, -0.23344536, 0, 0.97236985, 0, 6.988041, 0)

[node name="RotatingLuncherTwoRing5" parent="Node3D/Rings" instance=ExtResource("4_jgsny")]
transform = Transform3D(-0.23344538, 0, -0.97236985, 0, 1, 0, 0.97236985, 0, -0.23344538, 0, 8.000749, 0)

[node name="RotatingLuncherTwoRing6" parent="Node3D/Rings" instance=ExtResource("4_jgsny")]
transform = Transform3D(0.76604444, 0, -0.6427876, 0, 1, 0, 0.6427876, 0, 0.76604444, 0, 8.99073, 0)

[node name="SpikeLuncherFourRing" parent="Node3D/Rings" instance=ExtResource("5_8p31p")]
transform = Transform3D(1, 0, 0, 0, 1, 0, 0, 0, 1, 0, 3.9873657, 0)

[node name="LuncherSideBigRing" parent="Node3D/Rings" instance=ExtResource("6_4k6ge")]
transform = Transform3D(-1, 0, -8.742278e-08, 0, 1, 0, 8.742278e-08, 0, -1, 0, 2.9874103, 0)

[node name="Coins" type="Node3D" parent="Node3D"]

[node name="Coin" parent="Node3D/Coins" instance=ExtResource("7_jgsny")]
transform = Transform3D(0.17085859, 0.0071797483, 0.056176413, 0.016570907, 0.16439559, -0.07141077, -0.05415481, 0.072955765, 0.1553857, 0, 0.9925461, 0.7793661)

[node name="Coin2" parent="Node3D/Coins" instance=ExtResource("7_jgsny")]
transform = Transform3D(0.17085859, 0.0071797483, 0.056176413, 0.016570907, 0.16439559, -0.07141077, -0.05415481, 0.072955765, 0.1553857, 0, 2.013359, 0.7793661)

[node name="Coin3" parent="Node3D/Coins" instance=ExtResource("7_jgsny")]
transform = Transform3D(0.17085859, 0.0071797483, 0.056176413, 0.016570907, 0.16439559, -0.07141077, -0.05415481, 0.072955765, 0.1553857, -0.15600586, 3.0196228, 0.7793661)

[node name="Coin4" parent="Node3D/Coins" instance=ExtResource("7_jgsny")]
transform = Transform3D(0.17085859, 0.0071797483, 0.056176413, 0.016570907, 0.16439559, -0.07141077, -0.05415481, 0.072955765, 0.1553857, -0.8182373, 4.0537415, 0.060371935)

[node name="Coin5" parent="Node3D/Coins" instance=ExtResource("7_jgsny")]
transform = Transform3D(0.17085859, 0.0071797483, 0.056176413, 0.016570907, 0.16439559, -0.07141077, -0.05415481, 0.072955765, 0.1553857, -0.5515137, 5.041153, 0.4339071)

[node name="Coin6" parent="Node3D/Coins" instance=ExtResource("7_jgsny")]
transform = Transform3D(0.17085859, 0.0071797483, 0.056176413, 0.016570907, 0.16439559, -0.07141077, -0.05415481, 0.072955765, 0.1553857, -0.7609863, 6.0396576, -0.09230751)

[node name="Coin7" parent="Node3D/Coins" instance=ExtResource("7_jgsny")]
transform = Transform3D(0.17085859, 0.0071797483, 0.056176413, 0.016570907, 0.16439559, -0.07141077, -0.05415481, 0.072955765, 0.1553857, -0.3912201, 7.1135864, -0.6346659)

[node name="Coin8" parent="Node3D/Coins" instance=ExtResource("7_jgsny")]
transform = Transform3D(0.17085859, 0.0071797483, 0.056176413, 0.016570907, 0.16439559, -0.07141077, -0.05415481, 0.072955765, 0.1553857, -0.6209564, 8.049896, -0.4818949)

[node name="Coin9" parent="Node3D/Coins" instance=ExtResource("7_jgsny")]
transform = Transform3D(0.17085859, 0.0071797483, 0.056176413, 0.016570907, 0.16439559, -0.07141077, -0.05415481, 0.072955765, 0.1553857, 0.2467804, 9.218903, -0.7810893)

[node name="Key" type="Node3D" parent="Node3D"]

[node name="Key" parent="Node3D/Key" instance=ExtResource("8_8p31p")]
transform = Transform3D(1, 0, 0, 0, 1, 0, 0, 0, 1, 0.7686157, 4.381266, 0)
