[gd_scene load_steps=8 format=3 uid="uid://28i13w5v5bi0"]

[ext_resource type="PackedScene" uid="uid://fwr0466n1y1m" path="res://Scene/rod.tscn" id="1_lofsg"]
[ext_resource type="PackedScene" uid="uid://dwmkh7huncshm" path="res://Scene/Blocks/BasicTwoSpace/rotating_basic_two_ring.tscn" id="2_wb026"]
[ext_resource type="PackedScene" uid="uid://bj8ef00542xxk" path="res://Scene/Blocks/BasicOneSpace/special_luncher_big_ring.tscn" id="3_irkfl"]
[ext_resource type="PackedScene" uid="uid://got30srx8aee" path="res://Scene/Blocks/BasicTwoSpace/rotating_luncher_basic_two_ring.tscn" id="4_o2upo"]
[ext_resource type="PackedScene" uid="uid://d3df3q5t0h8t7" path="res://Scene/Blocks/BasicFourSpace/spike _luncher_four_ring.tscn" id="5_gxf4x"]
[ext_resource type="PackedScene" uid="uid://d2i5om2rgqt0d" path="res://Scene/Blocks/BasicOneSpace/luncher_side_big_ring.tscn" id="6_p52fd"]
[ext_resource type="PackedScene" uid="uid://o0sbv3fe1fs5" path="res://Scene/Blocks/BasicOneSpace/luncher_side_right_big_ring.tscn" id="7_wb026"]

[node name="LevelBlock1" type="Node3D"]

[node name="Rod" parent="." instance=ExtResource("1_lofsg")]
transform = Transform3D(-1, 0, 1.509958e-07, 0, 8.526904, 0, -1.509958e-07, 0, -1, 0, 7.8620214, 0)
visible = false
target = NodePath("../Node3D")

[node name="Node3D" type="Node3D" parent="."]

[node name="Rings" type="Node3D" parent="Node3D"]

[node name="RotatingTwoRing" parent="Node3D/Rings" instance=ExtResource("2_wb026")]
transform = Transform3D(1, 0, 0, 0, 1, 0, 0, 0, 1, 0, 0.9915861, 0)

[node name="SpecialLuncherBigRing" parent="Node3D/Rings" instance=ExtResource("3_irkfl")]

[node name="RotatingLuncherTwoRing2" parent="Node3D/Rings" instance=ExtResource("4_o2upo")]
transform = Transform3D(0.97814757, 0, -0.20791169, 0, 1, 0, 0.20791169, 0, 0.97814757, 0, 4.989809, 0)

[node name="SpikeLuncherFourRing" parent="Node3D/Rings" instance=ExtResource("5_gxf4x")]
transform = Transform3D(-0.6360783, 0, -0.77162457, 0, 1, 0, 0.77162457, 0, -0.6360783, 0, 3.9873657, 0)

[node name="LuncherSideBigRing" parent="Node3D/Rings" instance=ExtResource("6_p52fd")]
transform = Transform3D(-0.46947154, 0, 0.8829475, 0, 1, 0, -0.8829475, 0, -0.46947154, 0, 2.9874103, 0)

[node name="LuncherSideBigRing2" parent="Node3D/Rings" instance=ExtResource("6_p52fd")]
transform = Transform3D(-1, 0, -8.742278e-08, 0, 1, 0, 8.742278e-08, 0, -1, 0, 1.9749706, 0)

[node name="LuncherRightSideBigRing" parent="Node3D/Rings" instance=ExtResource("7_wb026")]
transform = Transform3D(0.5224985, 0, 0.8526402, 0, 1, 0, -0.8526402, 0, 0.5224985, 0, 5.996328, 0)

[node name="LuncherRightSideBigRing2" parent="Node3D/Rings" instance=ExtResource("7_wb026")]
transform = Transform3D(-0.2840153, 0, 0.95881975, 0, 1, 0, -0.95881975, 0, -0.2840153, 0, 6.9833293, 0)

[node name="LuncherRightSideBigRing3" parent="Node3D/Rings" instance=ExtResource("7_wb026")]
transform = Transform3D(-0.97437006, 0, 0.22495112, 0, 1, 0, -0.22495112, 0, -0.97437006, 0, 7.9889708, 0)

[node name="LuncherRightSideBigRing4" parent="Node3D/Rings" instance=ExtResource("7_wb026")]
transform = Transform3D(-0.7372774, 0, -0.67559016, 0, 1, 0, 0.67559016, 0, -0.7372774, 0, 8.98619, 0)

[node name="Coins" type="Node3D" parent="Node3D"]

[node name="Key" type="Node3D" parent="Node3D"]
