[gd_scene format=3 uid="uid://v868dsbfgufp"]

[ext_resource type="PackedScene" uid="uid://fwr0466n1y1m" path="res://Scene/rod.tscn" id="1_4uj5a"]
[ext_resource type="Script" uid="uid://du4h6f1a3wfq" path="res://Script/level_block.gd" id="1_hklak"]
[ext_resource type="PackedScene" uid="uid://p8b4t3vvfa61" path="res://Scene/Blocks/BasicOneSpace/luncher_big_ring.tscn" id="2_iqsth"]
[ext_resource type="PackedScene" uid="uid://d2i5om2rgqt0d" path="res://Scene/Blocks/BasicOneSpace/luncher_side_big_ring.tscn" id="3_0il77"]
[ext_resource type="PackedScene" uid="uid://o0sbv3fe1fs5" path="res://Scene/Blocks/BasicOneSpace/luncher_side_right_big_ring.tscn" id="4_hklak"]
[ext_resource type="PackedScene" uid="uid://btqywn11ker2i" path="res://Scene/coin.tscn" id="5_iqsth"]
[ext_resource type="PackedScene" uid="uid://bdalbkl2781jm" path="res://Scene/key.tscn" id="6_0il77"]

[node name="LevelBlock1" type="Node3D" unique_id=417291161]
script = ExtResource("1_hklak")

[node name="Rod" parent="." unique_id=853632198 instance=ExtResource("1_4uj5a")]
transform = Transform3D(-1, 0, 1.509958e-07, 0, 8.526904, 0, -1.509958e-07, 0, -1, 0, 7.8620214, 0)
target = NodePath("../Node3D")

[node name="Node3D" type="Node3D" parent="." unique_id=1559703384]

[node name="Rings" type="Node3D" parent="Node3D" unique_id=876042508]

[node name="LuncherBigRing" parent="Node3D/Rings" unique_id=1276002159 instance=ExtResource("2_iqsth")]
transform = Transform3D(0.9737382, 0, 0.22767109, 0, 1, 0, -0.22767109, 0, 0.9737382, 0, 0, 0)

[node name="LuncherSideBigRing" parent="Node3D/Rings" unique_id=782563188 instance=ExtResource("3_0il77")]
transform = Transform3D(-0.9999596, 0, 0.009005874, 0, 1, 0, -0.009005874, 0, -0.9999596, 0, 0.9909911, 0)

[node name="LuncherSideBigRing3" parent="Node3D/Rings" unique_id=1764314004 instance=ExtResource("3_0il77")]
transform = Transform3D(-0.48175392, 0, 0.8763067, 0, 1, 0, -0.8763067, 0, -0.48175392, 0, 1.9927487, 0)

[node name="LuncherSideBigRing5" parent="Node3D/Rings" unique_id=486868032 instance=ExtResource("3_0il77")]
transform = Transform3D(0.46947166, 0, 0.88294756, 0, 1, 0, -0.88294756, 0, 0.46947166, 0, 2.9794729, 0)

[node name="LuncherSideBigRing6" parent="Node3D/Rings" unique_id=436039582 instance=ExtResource("3_0il77")]
transform = Transform3D(-0.9935719, 0, 0.11320314, 0, 1, 0, -0.11320314, 0, -0.9935719, 0, 6.9770117, 0)

[node name="LuncherSideBigRing9" parent="Node3D/Rings" unique_id=734013041 instance=ExtResource("3_0il77")]
transform = Transform3D(-0.9961397, 0, 0.08778177, 0, 1, 0, -0.08778177, 0, -0.9961397, 0, 8.976519, 0)

[node name="LuncherRightSideBigRing" parent="Node3D/Rings" unique_id=529230018 instance=ExtResource("4_hklak")]
transform = Transform3D(-0.25206944, 0, 0.9677093, 0, 1, 0, -0.9677093, 0, -0.25206944, 0, 5.9899545, 0)

[node name="LuncherRightSideBigRing4" parent="Node3D/Rings" unique_id=1325544730 instance=ExtResource("4_hklak")]
transform = Transform3D(0.9970527, 0, 0.07671903, 0, 1, 0, -0.07671903, 0, 0.9970527, 0, 3.9809208, 0)

[node name="LuncherRightSideBigRing5" parent="Node3D/Rings" unique_id=292832183 instance=ExtResource("4_hklak")]
transform = Transform3D(0.5606391, 0, 0.82806045, 0, 1, 0, -0.82806045, 0, 0.5606391, 0, 4.987466, 0)

[node name="LuncherRightSideBigRing3" parent="Node3D/Rings" unique_id=1728318434 instance=ExtResource("4_hklak")]
transform = Transform3D(-0.64166385, 0, 0.76698613, 0, 1, 0, -0.76698613, 0, -0.64166385, 0, 7.9806614, 0)

[node name="Coins" type="Node3D" parent="Node3D" unique_id=1625866876]

[node name="Coin" parent="Node3D/Coins" unique_id=281302681 instance=ExtResource("5_iqsth")]
transform = Transform3D(0.17085859, 0.0071797483, 0.056176413, 0.016570907, 0.16439559, -0.07141077, -0.05415481, 0.072955765, 0.1553857, -0.5386963, 0.17126465, -0.67003584)

[node name="Coin2" parent="Node3D/Coins" unique_id=1431083043 instance=ExtResource("5_iqsth")]
transform = Transform3D(0.17085859, 0.0071797483, 0.056176413, 0.016570907, 0.16439559, -0.07141077, -0.05415481, 0.072955765, 0.1553857, -0.20652771, 1.0979614, 0.77942705)

[node name="Coin3" parent="Node3D/Coins" unique_id=1862063994 instance=ExtResource("5_iqsth")]
transform = Transform3D(0.17085859, 0.0071797483, 0.056176413, 0.016570907, 0.16439559, -0.07141077, -0.05415481, 0.072955765, 0.1553857, -0.7910614, 2.2479248, 0.2697835)

[node name="Coin4" parent="Node3D/Coins" unique_id=62985109 instance=ExtResource("5_iqsth")]
transform = Transform3D(0.17085859, 0.0071797483, 0.056176413, 0.016570907, 0.16439559, -0.07141077, -0.05415481, 0.072955765, 0.1553857, -0.61875916, 3.1403809, -0.5588603)

[node name="Coin5" parent="Node3D/Coins" unique_id=1640325946 instance=ExtResource("5_iqsth")]
transform = Transform3D(0.17085859, 0.0071797483, 0.056176413, 0.016570907, 0.16439559, -0.07141077, -0.05415481, 0.072955765, 0.1553857, 0.078308105, 4.0594482, -0.7982402)

[node name="Coin6" parent="Node3D/Coins" unique_id=1439657269 instance=ExtResource("5_iqsth")]
transform = Transform3D(0.17085859, 0.0071797483, 0.056176413, 0.016570907, 0.16439559, -0.07141077, -0.05415481, 0.072955765, 0.1553857, -0.94647217, 5.428467, -0.14247847)

[node name="Coin7" parent="Node3D/Coins" unique_id=1080834350 instance=ExtResource("5_iqsth")]
transform = Transform3D(0.17085859, 0.0071797483, 0.056176413, 0.016570907, 0.16439559, -0.07141077, -0.05415481, 0.072955765, 0.1553857, -0.7247009, 6.1273804, 0.40909624)

[node name="Coin8" parent="Node3D/Coins" unique_id=97179732 instance=ExtResource("5_iqsth")]
transform = Transform3D(0.17085859, 0.0071797483, 0.056176413, 0.016570907, 0.16439559, -0.07141077, -0.05415481, 0.072955765, 0.1553857, -0.13253784, 7.04126, 0.65409136)

[node name="Coin9" parent="Node3D/Coins" unique_id=206549244 instance=ExtResource("5_iqsth")]
transform = Transform3D(0.17085859, 0.0071797483, 0.056176413, 0.016570907, 0.16439559, -0.07141077, -0.05415481, 0.072955765, 0.1553857, -0.47433472, 8.050598, 0.65409136)

[node name="Coin10" parent="Node3D/Coins" unique_id=797888787 instance=ExtResource("5_iqsth")]
transform = Transform3D(0.17085859, 0.0071797483, 0.056176413, 0.016570907, 0.16439559, -0.07141077, -0.05415481, 0.072955765, 0.1553857, -0.40951538, 9.186462, 0.72232866)

[node name="Key" type="Node3D" parent="Node3D" unique_id=2099616028]

[node name="Key" parent="Node3D/Key" unique_id=631313612 instance=ExtResource("6_0il77")]
transform = Transform3D(1, 0, 0, 0, 1, 0, 0, 0, 1, 0.7738037, 1.4476776, 0.4328003)
