[gd_scene load_steps=8 format=3 uid="uid://bkkrq8u25p1tx"]

[ext_resource type="PackedScene" uid="uid://fwr0466n1y1m" path="res://Scene/rod.tscn" id="1_w78p1"]
[ext_resource type="PackedScene" uid="uid://dwmkh7huncshm" path="res://Scene/Blocks/BasicTwoSpace/rotating_basic_two_ring.tscn" id="2_ff0yy"]
[ext_resource type="PackedScene" uid="uid://bj8ef00542xxk" path="res://Scene/Blocks/BasicOneSpace/special_luncher_big_ring.tscn" id="3_2fafp"]
[ext_resource type="PackedScene" uid="uid://got30srx8aee" path="res://Scene/Blocks/BasicTwoSpace/rotating_luncher_basic_two_ring.tscn" id="4_tsmfb"]
[ext_resource type="PackedScene" uid="uid://d3df3q5t0h8t7" path="res://Scene/Blocks/BasicFourSpace/spike _luncher_four_ring.tscn" id="5_6kyc7"]
[ext_resource type="PackedScene" uid="uid://omgx2rxx5cp6" path="res://Scene/Blocks/BasicOneSpace/luncher_side_evil_right_big_ring.tscn" id="6_ff0yy"]
[ext_resource type="PackedScene" uid="uid://q8fr7oc86skd" path="res://Scene/Blocks/BasicOneSpace/luncher_side_evil_big_ring.tscn" id="7_2fafp"]

[node name="LevelBlock1" type="Node3D"]

[node name="Rod" parent="." instance=ExtResource("1_w78p1")]
transform = Transform3D(-1, 0, 1.509958e-07, 0, 8.526904, 0, -1.509958e-07, 0, -1, 0, 7.8620214, 0)
visible = false
target = NodePath("../Node3D")

[node name="Node3D" type="Node3D" parent="."]

[node name="Rings" type="Node3D" parent="Node3D"]

[node name="RotatingTwoRing" parent="Node3D/Rings" instance=ExtResource("2_ff0yy")]
transform = Transform3D(1, 0, 0, 0, 1, 0, 0, 0, 1, 0, 0.9915861, 0)

[node name="RotatingTwoRing2" parent="Node3D/Rings" instance=ExtResource("2_ff0yy")]
transform = Transform3D(0.92050487, 0, -0.39073113, 0, 1, 0, 0.39073113, 0, 0.92050487, 0, 1.9914012, 0)

[node name="SpecialLuncherBigRing" parent="Node3D/Rings" instance=ExtResource("3_2fafp")]

[node name="RotatingLuncherTwoRing2" parent="Node3D/Rings" instance=ExtResource("4_tsmfb")]
transform = Transform3D(0.76604444, 0, -0.6427876, 0, 1, 0, 0.6427876, 0, 0.76604444, 0, 4.989809, 0)

[node name="RotatingLuncherTwoRing5" parent="Node3D/Rings" instance=ExtResource("4_tsmfb")]
transform = Transform3D(-0.23344538, 0, -0.97236985, 0, 1, 0, 0.97236985, 0, -0.23344538, 0, 8.000749, 0)

[node name="RotatingLuncherTwoRing6" parent="Node3D/Rings" instance=ExtResource("4_tsmfb")]
transform = Transform3D(0.76604444, 0, -0.6427876, 0, 1, 0, 0.6427876, 0, 0.76604444, 0, 8.99073, 0)

[node name="SpikeLuncherFourRing" parent="Node3D/Rings" instance=ExtResource("5_6kyc7")]
transform = Transform3D(1, 0, 0, 0, 1, 0, 0, 0, 1, 0, 3.9873657, 0)

[node name="LuncherRightSideBigRing" parent="Node3D/Rings" instance=ExtResource("6_ff0yy")]
transform = Transform3D(-0.9135455, 0, 0.40673658, 0, 1, 0, -0.40673658, 0, -0.9135455, 0, 2.982613, 0)

[node name="LuncherRightSideBigRing2" parent="Node3D/Rings" instance=ExtResource("6_ff0yy")]
transform = Transform3D(0.9975641, 0, 0.06975647, 0, 1, 0, -0.06975647, 0, 0.9975641, 0, 6.9964514, 0)

[node name="LuncherSideBigRing" parent="Node3D/Rings" instance=ExtResource("7_2fafp")]
transform = Transform3D(0.5778576, 0, 0.8161376, 0, 1, 0, -0.8161376, 0, 0.5778576, 0, 5.979088, 0)

[node name="Coins" type="Node3D" parent="Node3D"]

[node name="Key" type="Node3D" parent="Node3D"]
