[gd_scene load_steps=8 format=3 uid="uid://5ueh0cp2o5g3"]

[ext_resource type="PackedScene" uid="uid://fwr0466n1y1m" path="res://Scene/rod.tscn" id="1_018fp"]
[ext_resource type="PackedScene" uid="uid://p8b4t3vvfa61" path="res://Scene/Blocks/BasicOneSpace/luncher_big_ring.tscn" id="2_2s75n"]
[ext_resource type="PackedScene" uid="uid://bsfr0825hamv5" path="res://Scene/Blocks/BasicThreeSpace/luncher_three_ring.tscn" id="3_70ps4"]
[ext_resource type="PackedScene" uid="uid://kavnvtdnmicy" path="res://Scene/Blocks/BasicFourSpace/luncher_four_ring.tscn" id="4_jyjxo"]
[ext_resource type="PackedScene" uid="uid://bj8ef00542xxk" path="res://Scene/Blocks/BasicOneSpace/special_luncher_big_ring.tscn" id="5_c172p"]
[ext_resource type="PackedScene" uid="uid://q8fr7oc86skd" path="res://Scene/Blocks/BasicOneSpace/luncher_side_evil_big_ring.tscn" id="6_70ps4"]
[ext_resource type="PackedScene" uid="uid://omgx2rxx5cp6" path="res://Scene/Blocks/BasicOneSpace/luncher_side_evil_right_big_ring.tscn" id="7_jyjxo"]

[node name="LevelBlock1" type="Node3D"]

[node name="Rod" parent="." instance=ExtResource("1_018fp")]
transform = Transform3D(-1, 0, 1.509958e-07, 0, 8.526904, 0, -1.509958e-07, 0, -1, 0, 7.8620214, 0)
visible = false
target = NodePath("../Node3D")

[node name="Node3D" type="Node3D" parent="."]

[node name="Rings" type="Node3D" parent="Node3D"]

[node name="LuncherBigRing7" parent="Node3D/Rings" instance=ExtResource("2_2s75n")]
transform = Transform3D(-0.7466383, 0, 0.66523033, 0, 1, 0, -0.66523033, 0, -0.7466383, 0, 8.98731, 0)

[node name="LuncherBigRing3" parent="Node3D/Rings" instance=ExtResource("2_2s75n")]
transform = Transform3D(-1, 0, -8.742278e-08, 0, 1, 0, 8.742278e-08, 0, -1, 0, 1.9803524, 0)

[node name="LuncherBigRing2" parent="Node3D/Rings" instance=ExtResource("2_2s75n")]
transform = Transform3D(-0.9999254, 0, -0.012217067, 0, 1, 0, 0.012217067, 0, -0.9999254, 0, 0.9901762, 0)

[node name="SpecialLuncherThreeRing2" parent="Node3D/Rings" instance=ExtResource("3_70ps4")]
transform = Transform3D(0.9304176, 0, -0.3665012, 0, 1, 0, 0.3665012, 0, 0.9304176, 0, 6.993839, 0)

[node name="SpecialLuncherThreeRing4" parent="Node3D/Rings" instance=ExtResource("3_70ps4")]
transform = Transform3D(-0.99994516, 0, 0.010471781, 0, 1, 0, -0.010471781, 0, -0.99994516, 0, 4.9904156, 0)

[node name="SpecialLuncherThreeRing5" parent="Node3D/Rings" instance=ExtResource("3_70ps4")]
transform = Transform3D(-0.034899462, 0, -0.99939084, 0, 1, 0, 0.99939084, 0, -0.034899462, 0, 3.9847145, 0)

[node name="LuncherFourRing" parent="Node3D/Rings" instance=ExtResource("4_jyjxo")]
transform = Transform3D(0.43051115, 0, 0.90258527, 0, 1, 0, -0.90258527, 0, 0.43051115, 0, 7.9844837, 0)

[node name="SpecialLuncherBigRing" parent="Node3D/Rings" instance=ExtResource("5_c172p")]

[node name="LuncherSideBigRing" parent="Node3D/Rings" instance=ExtResource("6_70ps4")]
transform = Transform3D(-0.99691737, 0, 0.07845898, 0, 1, 0, -0.07845898, 0, -0.99691737, 0, 2.9828644, 0)

[node name="LuncherRightSideBigRing" parent="Node3D/Rings" instance=ExtResource("7_jyjxo")]
transform = Transform3D(1, 0, 0, 0, 1, 0, 0, 0, 1, 0, 5.9141846, 0)

[node name="Coins" type="Node3D" parent="Node3D"]

[node name="Key" type="Node3D" parent="Node3D"]
