[gd_scene format=3 uid="uid://omgx2rxx5cp6"]

[ext_resource type="Script" uid="uid://brskaj5ysn5cn" path="res://Script/luncher_side_evil_right_big_ring.gd" id="1_hg4q0"]
[ext_resource type="PackedScene" uid="uid://dcqscracwtb4s" path="res://Scene/Blocks/BasicOneSpace/basic_big_ring.tscn" id="1_yogd0"]
[ext_resource type="PackedScene" uid="uid://bsnrtge3ahn5h" path="res://Scene/launcher.tscn" id="2_crlrg"]
[ext_resource type="PackedScene" uid="uid://c3yjy63be3n01" path="res://Scene/go_down_through_wall.tscn" id="3_crlrg"]

[sub_resource type="BoxShape3D" id="BoxShape3D_ddsqv"]
size = Vector3(1.0239868, 0.13287354, 2.1317139)

[sub_resource type="BoxShape3D" id="BoxShape3D_m3yqx"]
size = Vector3(0.97476196, 0.13891602, 1.1813965)

[sub_resource type="BoxShape3D" id="BoxShape3D_ryily"]
size = Vector3(0.98583984, 0.13421631, 1.010315)

[node name="LuncherRightSideBigRing" type="StaticBody3D" unique_id=755896277]
axis_lock_angular_z = true
script = ExtResource("1_hg4q0")

[node name="Ring" parent="." unique_id=767373824 instance=ExtResource("1_yogd0")]

[node name="Launcher" parent="." unique_id=1913732835 instance=ExtResource("2_crlrg")]
transform = Transform3D(-0.50723743, 0, -0.8618064, 0, 1, 0, 0.8618064, 0, -0.50723743, -0.7141798, 0.15240997, -0.31850064)

[node name="go_down_through_wall" parent="." unique_id=52094244 instance=ExtResource("3_crlrg")]
transform = Transform3D(-0.09348436, 0, -0.34765023, 0, 0.23138247, 0, 0.34765023, 0, -0.09348436, 0.66311663, 0.13864052, -0.24391603)

[node name="Area3D" type="Area3D" parent="." unique_id=1955853677]
visible = false

[node name="CollisionShape3D" type="CollisionShape3D" parent="Area3D" unique_id=1352472171]
transform = Transform3D(0.68296796, 0, 0.7304485, 0, 1, 0, -0.7304485, 0, 0.68296796, -0.37730798, 0.011566162, 0.3176341)
shape = SubResource("BoxShape3D_ddsqv")

[node name="CollisionShape3D2" type="CollisionShape3D" parent="Area3D" unique_id=202294649]
transform = Transform3D(0.72620285, 0, -0.68748057, 0, 1, 0, 0.68748057, 0, 0.72620285, 0.7637222, 0.014282227, -0.06500766)
shape = SubResource("BoxShape3D_m3yqx")

[node name="Area3DPlatform" type="Area3D" parent="." unique_id=818404387]

[node name="CollisionShape3D" type="CollisionShape3D" parent="Area3DPlatform" unique_id=1640793894]
transform = Transform3D(0.69272244, 0, 0.7212043, 0, 1, 0, -0.7212043, 0, 0.69272244, -0.006572176, 0.006011963, -0.70357597)
shape = SubResource("BoxShape3D_ryily")

[connection signal="body_entered" from="Area3D" to="." method="_on_area_3d_body_entered"]
[connection signal="body_entered" from="Area3DPlatform" to="." method="_on_area_3d_platform_body_entered"]
