[gd_scene load_steps=25 format=3 uid="uid://b7jfgmlh5rgqd"]

[ext_resource type="PackedScene" uid="uid://fwr0466n1y1m" path="res://Scene/rod.tscn" id="1_3bu56"]
[ext_resource type="Script" uid="uid://dk06f37dawspa" path="res://Script/level.gd" id="1_slp34"]
[ext_resource type="PackedScene" uid="uid://ci01jxyccmjtu" path="res://Scene/base.tscn" id="3_jnrmd"]
[ext_resource type="PackedScene" uid="uid://bj8ef00542xxk" path="res://Scene/Blocks/BasicOneSpace/special_luncher_big_ring.tscn" id="4_iysjp"]
[ext_resource type="PackedScene" uid="uid://ddjb6y34tg18b" path="res://Scene/ring.tscn" id="4_tut6d"]
[ext_resource type="PackedScene" uid="uid://dd810bms11lww" path="res://Scene/Blocks/BasicOneSpace/antigravity_big_ring.tscn" id="5_637vb"]
[ext_resource type="PackedScene" uid="uid://dcqscracwtb4s" path="res://Scene/Blocks/BasicOneSpace/basic_big_ring.tscn" id="5_hdt71"]
[ext_resource type="PackedScene" uid="uid://c3o3ye83ic7cp" path="res://Scene/Blocks/BasicOneSpace/rotating_basic_big_ring.tscn" id="6_637vb"]
[ext_resource type="PackedScene" uid="uid://dpd7mi0ixb1p5" path="res://Scene/Blocks/BasicOneSpace/spike_big_ring.tscn" id="7_3qma8"]
[ext_resource type="PackedScene" uid="uid://cvhmx3dqamq21" path="res://Scene/Blocks/BasicOneSpace/antigravity_through_big_ring.tscn" id="8_60ewi"]
[ext_resource type="PackedScene" uid="uid://btqywn11ker2i" path="res://Scene/coin.tscn" id="9_7lp0r"]
[ext_resource type="PackedScene" uid="uid://dggy1qlh88asx" path="res://Scene/Blocks/BasicOneSpace/gravity_down_through_big_ring.tscn" id="10_k0fkb"]
[ext_resource type="Texture2D" uid="uid://6dmjtlpfk3hm" path="res://Assets/images/sky.jpg" id="12_btxmf"]
[ext_resource type="PackedScene" uid="uid://bianiih52vxs2" path="res://Scene/Blocks/BasicOneSpace/spike _luncher_big_ring.tscn" id="12_ncqyi"]
[ext_resource type="PackedScene" uid="uid://bdalbkl2781jm" path="res://Scene/key.tscn" id="13_ncqyi"]
[ext_resource type="PackedScene" uid="uid://bywp8rinwm0sp" path="res://Scene/camera_rig.tscn" id="13_slp34"]
[ext_resource type="PackedScene" uid="uid://cjjl1y3eyfvk0" path="res://Scene/mean_menu.tscn" id="16_3d31u"]
[ext_resource type="PackedScene" uid="uid://b7flm5edrnc3r" path="res://Scene/spawn_point.tscn" id="18_slp34"]
[ext_resource type="PackedScene" uid="uid://7lcwgay4rs3n" path="res://Scene/blink_layer.tscn" id="19_ncqyi"]

[sub_resource type="PanoramaSkyMaterial" id="PanoramaSkyMaterial_btxmf"]
panorama = ExtResource("12_btxmf")

[sub_resource type="Sky" id="Sky_k0fkb"]
sky_material = SubResource("PanoramaSkyMaterial_btxmf")
radiance_size = 0

[sub_resource type="Environment" id="Environment_3d31u"]
background_mode = 2
background_energy_multiplier = 1.18
sky = SubResource("Sky_k0fkb")
sky_custom_fov = 59.0
reflected_light_source = 2

[sub_resource type="ParticleProcessMaterial" id="ParticleProcessMaterial_btxmf"]
emission_shape = 3
emission_box_extents = Vector3(20, 10, 20)
direction = Vector3(0, -1, 0)
gravity = Vector3(0, -8, 0)

[sub_resource type="CylinderMesh" id="CylinderMesh_btxmf"]
top_radius = 0.04
bottom_radius = 0.045
height = 0.01

[node name="Level" type="Node3D"]
script = ExtResource("1_slp34")

[node name="Rod" parent="." instance=ExtResource("1_3bu56")]
transform = Transform3D(-1, 0, 1.509958e-07, 0, 8.526904, 0, -1.509958e-07, 0, -1, 0, 7.8620214, 0)
target = NodePath("../Node3D")
base_area = NodePath("../Base")

[node name="Node3D" type="Node3D" parent="."]

[node name="Ring" parent="Node3D" instance=ExtResource("4_tut6d")]
transform = Transform3D(-0.9954911, 0, -0.09485534, 0, 1, 0, 0.09485534, 0, -0.9954911, 0, 1.0134596, 0)

[node name="Ring11" parent="Node3D" instance=ExtResource("4_tut6d")]
transform = Transform3D(0.9311451, 0, 0.3646492, 0, 1, 0, -0.3646492, 0, 0.9311451, 0, 2.0003104, 0)

[node name="Ring6" parent="Node3D" instance=ExtResource("4_tut6d")]
transform = Transform3D(0.5475632, 0, 0.8367643, 0, 1, 0, -0.83676434, 0, 0.54756314, 0, 5.992843, 0)

[node name="Ring2" parent="Node3D" instance=ExtResource("4_tut6d")]
transform = Transform3D(0.9771273, 0, -0.21265522, 0, 1, 0, 0.21265522, 0, 0.9771273, -0.0059900284, 0.05461365, 0.0024809837)

[node name="Ring7" parent="Node3D" instance=ExtResource("4_tut6d")]
transform = Transform3D(-0.14411457, 0, -0.9895611, 0, 1, 0, 0.9895611, 0, -0.14411457, 0, 9.001397, 0)

[node name="Ring3" parent="Node3D" instance=ExtResource("4_iysjp")]
transform = Transform3D(-0.72496575, 0, -0.68878484, 0, 1, 0, 0.68878484, 0, -0.72496575, 0, 3.010033, 0)

[node name="Ring12" parent="Node3D" instance=ExtResource("4_iysjp")]
transform = Transform3D(-0.0070839953, 0.0003083744, 0.99997497, 0.013175101, 0.99991316, -0.00021502064, -0.9998882, 0.013173248, -0.007087445, 0, 9.975617, 0)

[node name="Ring4" parent="Node3D" instance=ExtResource("5_hdt71")]
transform = Transform3D(0.63964033, 0, 0.7686744, 0, 1, 0, -0.7686744, 0, 0.63964033, 0, 4.005929, 0)

[node name="Ring8" parent="Node3D" instance=ExtResource("5_hdt71")]
transform = Transform3D(0.13718522, 0, -0.99054545, 0, 1, 0, 0.99054545, 0, 0.13718522, 0, 11.012934, 0)

[node name="Ring5" parent="Node3D" instance=ExtResource("5_637vb")]
transform = Transform3D(0.6783136, 0, 0.7347725, 0, 1, 0, -0.7347725, 0, 0.6783136, 0, 5.0050626, 0)

[node name="RotatingRing2" parent="Node3D" instance=ExtResource("6_637vb")]
transform = Transform3D(0.3853263, 0, -0.9227804, 0, 1, 0, 0.9227804, 0, 0.3853263, 0, 7.9888515, 0)

[node name="SpikeRing2" parent="Node3D" instance=ExtResource("7_3qma8")]
transform = Transform3D(-0.7557507, 0, 0.6548597, 0, 1, 0, -0.6548597, 0, -0.7557507, 0, 13.980866, 0)

[node name="AntigravityThroughRing" parent="Node3D" instance=ExtResource("8_60ewi")]
transform = Transform3D(-0.1753667, 0, -0.9845031, 0, 1, 0, 0.9845031, 0, -0.1753667, 0, 12.068594, 0)

[node name="Coins" type="Node3D" parent="Node3D"]

[node name="Coin3" parent="Node3D/Coins" instance=ExtResource("9_7lp0r")]
transform = Transform3D(-0.13766423, -0.005745738, -0.045172393, -0.013348787, -0.13242978, 0.05752534, 0.04353583, -0.058773644, -0.125201, 0.75458145, 2.2482271, -0.35973364)

[node name="Coin4" parent="Node3D/Coins" instance=ExtResource("9_7lp0r")]
transform = Transform3D(-0.13766423, -0.005745738, -0.045172393, -0.013348787, -0.13242978, 0.05752534, 0.04353583, -0.058773644, -0.125201, -0.6982554, 2.2482271, 0.57740647)

[node name="Coin7" parent="Node3D/Coins" instance=ExtResource("9_7lp0r")]
transform = Transform3D(-0.13766423, -0.005745738, -0.045172393, -0.013348787, -0.13242978, 0.05752534, 0.04353583, -0.058773644, -0.125201, 0.5008553, 2.8496363, 0.53615934)

[node name="Coin8" parent="Node3D/Coins" instance=ExtResource("9_7lp0r")]
transform = Transform3D(-0.13766423, -0.005745738, -0.045172393, -0.013348787, -0.13242978, 0.05752534, 0.04353583, -0.058773644, -0.125201, 0.44094718, 3.5148408, 0.57740647)

[node name="Coin12" parent="Node3D/Coins" instance=ExtResource("9_7lp0r")]
transform = Transform3D(-0.13766423, -0.005745738, -0.045172393, -0.013348787, -0.13242978, 0.05752534, 0.04353583, -0.058773644, -0.125201, 0.77201235, 8.084214, 0.03446722)

[node name="Coin13" parent="Node3D/Coins" instance=ExtResource("9_7lp0r")]
transform = Transform3D(-0.13766423, -0.005745738, -0.045172393, -0.013348787, -0.13242978, 0.05752534, 0.04353583, -0.058773644, -0.125201, 0.75840557, 9.118243, 0.102380574)

[node name="Coin14" parent="Node3D/Coins" instance=ExtResource("9_7lp0r")]
transform = Transform3D(-0.13766423, -0.005745738, -0.045172393, -0.013348787, -0.13242978, 0.05752534, 0.04353583, -0.058773644, -0.125201, 0.75212777, 11.484778, 0.102380574)

[node name="Coin15" parent="Node3D/Coins" instance=ExtResource("9_7lp0r")]
transform = Transform3D(-0.13766423, -0.005745738, -0.045172393, -0.013348787, -0.13242978, 0.05752534, 0.04353583, -0.058773644, -0.125201, 0.74084747, 12.29025, 0.102380574)

[node name="Coin10" parent="Node3D/Coins" instance=ExtResource("9_7lp0r")]
transform = Transform3D(0.1518743, 0.006381997, 0.049934592, 0.014729695, 0.1461294, -0.06347623, -0.048137613, 0.06484956, 0.1381206, -0.766187, 0.35146236, 0.26553035)

[node name="Coin11" parent="Node3D/Coins" instance=ExtResource("9_7lp0r")]
transform = Transform3D(0.1518743, 0.006381997, 0.049934592, 0.014729695, 0.1461294, -0.06347623, -0.048137613, 0.06484956, 0.1381206, 0.71259993, 1.2997428, 0.26553035)

[node name="Coin17" parent="Node3D/Coins" instance=ExtResource("9_7lp0r")]
transform = Transform3D(0.1518743, 0.006381997, 0.049934592, 0.014729695, 0.1461294, -0.06347623, -0.048137613, 0.06484956, 0.1381206, -0.8391314, 1.2997428, 0.068871975)

[node name="Coin16" parent="Node3D/Coins" instance=ExtResource("9_7lp0r")]
transform = Transform3D(0.1518743, 0.006381997, 0.049934592, 0.014729695, 0.1461294, -0.06347623, -0.048137613, 0.06484956, 0.1381206, 0.71259993, 0.35146236, 0.26553035)

[node name="AntigravityThroughRing2" parent="Node3D" instance=ExtResource("10_k0fkb")]
transform = Transform3D(1, 0, 0, 0, 1, 0, 0, 0, 1, 0, 6.9943776, 0)

[node name="SpikeLuncherRing" parent="Node3D" instance=ExtResource("12_ncqyi")]
transform = Transform3D(1, 0, 0, 0, 1, 0, 0, 0, 1, 0, 13.014168, 0)

[node name="CicleRIngLuncher" type="Node3D" parent="Node3D"]

[node name="Key" type="Node3D" parent="Node3D"]

[node name="key" parent="Node3D/Key" instance=ExtResource("13_ncqyi")]
transform = Transform3D(0.475, 0, 0, 0, 0.475, 0, 0, 0, 0.475, 0.8546411, 4.329967, 0)

[node name="CameraRig" parent="." instance=ExtResource("13_slp34")]
transform = Transform3D(-1, -1.6712052e-08, -1.4501353e-07, 2.4363802e-08, 0.9603812, -0.2786894, 1.4392576e-07, -0.2786894, -0.9603812, 0.48168015, -0.44955635, -2.065948)

[node name="WorldEnvironment" type="WorldEnvironment" parent="."]
environment = SubResource("Environment_3d31u")

[node name="CanvasLayer" type="CanvasLayer" parent="."]

[node name="Base" parent="." instance=ExtResource("3_jnrmd")]
transform = Transform3D(1.3242972, 0, 0, 0, 1, 0, 0, 0, 1.3242972, 0, -0.72038364, 0)

[node name="GPUParticles3D" type="GPUParticles3D" parent="."]
transform = Transform3D(1, 0, 0, 0, 0.90959907, 0.41548717, 0, -0.41548717, 0.90959907, -0.002828598, 12.102057, 0)
amount = 100
process_material = SubResource("ParticleProcessMaterial_btxmf")
draw_pass_1 = SubResource("CylinderMesh_btxmf")

[node name="MeanMenu" parent="." instance=ExtResource("16_3d31u")]

[node name="SpawnPoint" parent="." instance=ExtResource("18_slp34")]
transform = Transform3D(1, 0, 0, 0, 1, 0, 0, 0, 1, 0, 0, -0.96151686)

[node name="BlinkCanvasLayer" parent="." groups=["Levels"] instance=ExtResource("19_ncqyi")]
visible = false
