[gd_scene format=3 uid="uid://dwkn2qv5f0be2"]

[ext_resource type="PackedScene" uid="uid://clpiy78dou5s3" path="res://Assets/cylinderthreespaceSpike.glb" id="1_s7r7v"]
[ext_resource type="Script" uid="uid://ci58tmqqhfq40" path="res://Script/spike_ball.gd" id="2_kwsb1"]

[sub_resource type="BoxShape3D" id="BoxShape3D_j66qo"]
size = Vector3(0.27460945, 0.10771485, 0.8414965)

[node name="SpikeThreeRing" type="StaticBody3D" unique_id=270948422]
axis_lock_angular_z = true

[node name="cylinderthreespaceSpike" parent="." unique_id=1202743609 instance=ExtResource("1_s7r7v")]
transform = Transform3D(0.9999482, 0.010175093, 0, -0.010175093, 0.9999482, 0, 0, 0, 1, 0, 0, 0)

[node name="Area3D" type="Area3D" parent="." unique_id=1376685484 groups=["CameraRig"]]
transform = Transform3D(-0.7194609, 0, -0.69453293, 0, 1, 0, 0.69453293, 0, -0.7194609, -0.3916527, 0.0029491186, -0.21550821)
script = ExtResource("2_kwsb1")

[node name="CollisionShape3D5" type="CollisionShape3D" parent="Area3D" unique_id=1791989278]
transform = Transform3D(0.056497484, -0.06337741, 0.9963872, -0.048213426, 0.99664557, 0.06612745, -0.9972364, -0.051775333, 0.05325216, -1.0354756, 0.02359116, -0.43323964)
shape = SubResource("BoxShape3D_j66qo")

[node name="CollisionShape3D3" type="CollisionShape3D" parent="Area3D" unique_id=1679717938]
transform = Transform3D(-0.35973614, -0.028171316, -0.9326279, -0.07240508, 0.99737287, -0.0021986756, 0.9302397, 0.06673615, -0.36083072, -0.71842146, 0.04156521, -0.5522048)
shape = SubResource("BoxShape3D_j66qo")

[node name="CollisionShape3D4" type="CollisionShape3D" parent="Area3D" unique_id=422666918]
transform = Transform3D(0.39386114, 0, -0.9191698, 0, 1, 0, 0.9191698, 0, 0.39386114, -0.7269473, 0.038111225, -0.31720382)
shape = SubResource("BoxShape3D_j66qo")

[connection signal="body_entered" from="Area3D" to="Area3D" method="_on_body_entered"]
