[gd_scene format=3 uid="uid://44g7fqekjuvb"]

[ext_resource type="Script" uid="uid://ci58tmqqhfq40" path="res://Script/spike_ball.gd" id="2_r56hc"]
[ext_resource type="PackedScene" uid="uid://f0don8jv8hn3" path="res://Assets/cylinderFourspaceSpike.glb" id="2_tq8xk"]

[sub_resource type="BoxShape3D" id="BoxShape3D_rrc1n"]
size = Vector3(0.27929688, 0.09060192, 0.99438477)

[node name="SpikeFourRing" type="StaticBody3D" unique_id=1000991191]
axis_lock_angular_z = true

[node name="Area3D" type="Area3D" parent="." unique_id=1768115723 groups=["CameraRig"]]
transform = Transform3D(-0.7194609, 0, -0.69453293, 0, 1, 0, 0.69453293, 0, -0.7194609, -0.3916527, 0.0029491186, -0.21550821)
script = ExtResource("2_r56hc")

[node name="CollisionShape3D8" type="CollisionShape3D" parent="Area3D" unique_id=1541636141]
transform = Transform3D(-0.01588133, 0.01221511, 0.9997903, 0, 0.9998967, -0.012216892, -0.99985266, -0.00019401917, -0.015880346, -1.0089967, 0.030519154, -0.43659607)
shape = SubResource("BoxShape3D_rrc1n")

[node name="CollisionShape3D7" type="CollisionShape3D" parent="Area3D" unique_id=1105996634]
transform = Transform3D(0.39056644, -0.0096399, 0.92051834, 0, 0.9999306, 0.010471737, -0.92056334, -0.0040899105, 0.39054734, -0.77430534, 0.051278442, -0.5331886)
shape = SubResource("BoxShape3D_rrc1n")

[node name="CollisionShape3D6" type="CollisionShape3D" parent="Area3D" unique_id=614026529]
transform = Transform3D(-0.40848956, -0.009558255, 0.91271293, 0, 0.9999451, 0.0104717845, -0.9127629, 0.004277614, -0.40846726, -0.6610379, 0.031644944, -0.3581959)
shape = SubResource("BoxShape3D_rrc1n")

[node name="cylinderFourspaceSpike" parent="." unique_id=185889515 instance=ExtResource("2_tq8xk")]

[connection signal="body_entered" from="Area3D" to="Area3D" method="_on_body_entered"]
